
#capdac: 14

c0= [27.89,27.89,27.89,27.88,27.87,27.91,27.92,27.94,27.88,27.95,27.86,27.85,27.98,27.91,27.90,27.91,27.87,27.91,27.92,27.93,27.85,27.95,27.91,27.88,27.85,27.83,27.90,27.92,27.91,27.82,27.93,27.96,27.93,27.92,27.94,27.94,27.83,27.94,27.93,27.88,27.86,28.08,27.87,27.99,27.90,27.96,27.86,27.88,27.91,27.93,28.01,28.01,28.01,28.05,27.91,27.98,27.88,27.85,27.88,27.95,27.83,27.94,27.87,27.93,27.93,27.84,27.86,27.94,27.92,27.98,27.87,27.92,27.97,27.86,27.89,27.81,27.85,27.91,27.88,27.87,27.97,27.91,27.87,27.89,27.88,27.98,27.90,27.86,27.94,27.93,27.88,27.86,27.85,27.92,27.88,27.98,27.82,27.88,27.85,28.00];
x0= [7.8];



c1= [32.93,32.93,32.93,32.93,32.96,32.97,32.84,32.96,32.97,32.98,32.90,33.01,32.98,32.96,33.00,33.04,33.00,33.03,32.95,33.00,32.97,33.00,33.00,32.96,32.98,33.00,33.05,32.91,33.00,32.96,33.00,32.95,33.00,32.94,33.00,32.97,32.98,32.97,33.03,32.99,33.00,32.94,33.02,33.00,32.98,32.97,32.99,33.02,33.00,32.99,32.90,32.90,32.90,32.89,33.01,32.91,32.98,32.98,33.01,32.98,33.03,33.03,32.96,32.95,33.04,32.93,32.98,32.94,33.03,32.98,32.96,33.00,32.94,32.99,32.99,32.90,32.94,32.93,32.97,33.05,33.03,32.95,32.97,33.03,32.94,33.02,33.01,33.00,32.97,32.99,32.96,33.05,32.93,33.02,32.96,32.96,33.01,32.98,32.98,32.97];
x1= [10.1];



c2= [40.82,40.82,40.82,40.84,40.88,40.88,40.81,40.91,40.85,40.85,40.85,40.82,40.87,40.82,40.84,40.84,40.86,40.84,40.89,40.83,40.86,40.88,40.86,40.85,40.84,40.80,40.81,40.82,40.82,40.86,40.82,40.86,40.85,40.82,40.83,40.80,40.86,40.84,40.87,40.81,40.85,40.84,40.84,40.83,40.85,40.87,40.85,40.82,40.89,40.87,40.84,40.84,40.84,40.85,40.89,40.80,40.84,40.88,40.89,40.84,40.84,40.85,40.84,40.86,40.81,40.85,40.86,40.77,40.81,40.83,40.87,40.82,40.87,40.85,40.85,40.81,40.87,40.82,40.81,40.83,40.82,40.84,40.84,40.81,40.80,40.90,40.84,40.91,40.85,40.86,40.87,40.81,40.86,40.85,40.88,40.81,40.84,40.88,40.84,40.87];
x2= [15];



c3= [46.07,46.07,46.07,46.07,46.06,46.03,46.04,46.01,46.07,46.07,46.04,46.05,46.06,46.06,46.05,46.04,46.07,46.05,46.04,46.07,46.07,46.05,46.06,46.06,46.06,46.06,46.07,46.06,46.07,46.07,46.06,46.06,46.09,46.07,46.06,46.03,46.06,46.01,46.06,46.07,46.06,46.07,46.04,46.05,46.08,46.03,46.03,46.07,46.08,46.05,46.09,46.09,46.09,46.09,46.09,46.04,46.08,46.07,46.04,46.10,46.06,46.06,46.06,46.05,46.08,46.07,46.04,46.06,46.07,46.10,46.04,46.06,46.07,46.09,46.05,46.07,46.10,46.06,46.05,46.05,46.06,46.06,46.08,46.04,46.11,46.07,46.06,46.07,46.05,46.02,46.07,46.07,46.05,46.09,46.05,46.08,46.05,46.00,46.05,46.07];
x3= [20];





c4= [51.14,51.14,51.14,51.14,51.17,51.16,51.14,51.16,51.15,51.15,51.17,51.16,51.15,51.13,51.16,51.14,51.14,51.16,51.14,51.16,51.16,51.14,51.15,51.17,51.13,51.13,51.16,51.17,51.16,51.13,51.13,51.18,51.15,51.17,51.16,51.15,51.15,51.15,51.15,51.15,51.16,51.14,51.15,51.18,51.13,51.14,51.16,51.13,51.13,51.16,51.16,51.16,51.16,51.16,51.13,51.11,51.16,51.13,51.17,51.16,51.15,51.16,51.16,51.17,51.14,51.15,51.18,51.13,51.16,51.15,51.15,51.13,51.15,51.17,51.14,51.15,51.15,51.17,51.15,51.15,51.13,51.14,51.14,51.15,51.11,51.18,51.16,51.15,51.13,51.16,51.16,51.15,51.20,51.16,51.16,51.14,51.15,51.12,51.15,51.18];
x4= [27.2];



c5= [52.59,52.59,52.59,52.59,52.61,52.60,52.62,52.58,52.61,52.58,52.62,52.62,52.59,52.59,52.60,52.63,52.58,52.60,52.61,52.60,52.62,52.61,52.59,52.59,52.59,52.59,52.61,52.59,52.60,52.61,52.61,52.60,52.61,52.59,52.64,52.60,52.62,52.59,52.61,52.61,52.60,52.59,52.60,52.61,52.59,52.63,52.66,52.59,52.59,52.60,52.59,52.59,52.59,52.59,52.60,52.60,52.62,52.60,52.62,52.61,52.60,52.60,52.59,52.57,52.60,52.61,52.62,52.61,52.61,52.61,52.61,52.61,52.60,52.60,52.60,52.61,52.60,52.62,52.63,52.62,52.60,52.60,52.59,52.61,52.59,52.60,52.60,52.60,52.62,52.60,52.61,52.59,52.61,52.60,52.58,52.62,52.61,52.61,52.62,52.62];
x5= [30];




c6= [54.75,54.75,54.75,54.74,54.77,54.73,54.72,54.74,54.74,54.74,54.71,54.72,54.74,54.73,54.74,54.72,54.72,54.72,54.75,54.73,54.74,54.73,54.75,54.71,54.73,54.71,54.73,54.73,54.74,54.73,54.73,54.73,54.72,54.74,54.74,54.71,54.73,54.72,54.75,54.72,54.73,54.73,54.71,54.73,54.73,54.71,54.73,54.75,54.73,54.75,54.73,54.73,54.73,54.74,54.76,54.74,54.75,54.73,54.74,54.73,54.74,54.76,54.73,54.73,54.74,54.71,54.72,54.74,54.73,54.74,54.74,54.73,54.75,54.73,54.74,54.73,54.73,54.73,54.72,54.74,54.75,54.73,54.74,54.72,54.74,54.74,54.73,54.74,54.74,54.76,54.74,54.74,54.73,54.74,54.75,54.73,54.74,54.72,54.75,54.75];
x6= [35];




c7= [55.99,55.99,55.99,55.99,55.97,55.98,55.98,55.98,55.97,55.97,55.96,55.98,55.97,55.96,55.97,55.95,55.98,55.97,55.98,55.96,55.98,55.96,55.97,55.96,56.00,55.96,55.99,55.97,55.97,55.97,55.98,55.97,55.99,55.95,55.94,55.99,55.97,55.99,55.96,55.98,55.98,55.98,55.97,55.97,55.99,56.00,55.96,55.98,55.99,55.97,55.98,55.98,55.98,55.99,55.98,55.96,55.99,55.96,55.97,55.99,55.97,55.97,55.97,55.98,55.98,55.96,55.98,55.97,55.97,55.96,55.98,55.97,55.98,55.95,55.97,55.96,56.00,55.97,55.97,55.96,55.96,55.98,55.99,55.98,55.98,55.98,55.97,55.97,55.96,55.97,55.98,55.97,55.98,55.99,55.98,55.99,55.99,55.98,55.96,55.98];
x7= [40];








c8= [56.71,56.71,56.71,56.71,56.71,56.72,56.71,56.73,56.72,56.70,56.71,56.71,56.72,56.71,56.73,56.71,56.73,56.70,56.73,56.71,56.71,56.68,56.71,56.71,56.73,56.72,56.72,56.71,56.70,56.72,56.72,56.72,56.70,56.72,56.73,56.72,56.72,56.71,56.71,56.73,56.72,56.70,56.71,56.71,56.72,56.70,56.72,56.72,56.72,56.72,56.72,56.72,56.72,56.72,56.72,56.73,56.73,56.71,56.72,56.71,56.73,56.70,56.71,56.72,56.73,56.71,56.73,56.70,56.71,56.72,56.71,56.72,56.71,56.71,56.73,56.73,56.72,56.73,56.73,56.71,56.71,56.72,56.71,56.72,56.74,56.71,56.70,56.70,56.73,56.71,56.73,56.72,56.72,56.72,56.71,56.71,56.72,56.71,56.72,56.71];
x8= [45];




c9= [57.38,57.38,57.38,57.37,57.40,57.40,57.40,57.41,57.41,57.39,57.41,57.41,57.41,57.42,57.42,57.41,57.42,57.40,57.40,57.40,57.41,57.41,57.41,57.41,57.40,57.40,57.42,57.40,57.41,57.40,57.40,57.40,57.40,57.41,57.40,57.40,57.41,57.41,57.39,57.40,57.41,57.41,57.41,57.40,57.41,57.40,57.40,57.40,57.40,57.41,57.40,57.40,57.40,57.41,57.41,57.41,57.42,57.40,57.39,57.40,57.40,57.41,57.41,57.41,57.40,57.41,57.40,57.41,57.42,57.40,57.41,57.41,57.40,57.41,57.41,57.41,57.41,57.41,57.40,57.40,57.40,57.42,57.40,57.43,57.41,57.41,57.40,57.41,57.42,57.40,57.41,57.41,57.41,57.41,57.41,57.41,57.41,57.42,57.41,57.40];
x9= [50];




c10= [57.99,57.99,57.99,57.99,57.99,58.00,58.00,58.00,58.00,57.99,57.99,57.99,57.99,57.99,58.00,57.98,58.00,57.99,57.98,57.98,57.99,57.97,57.99,57.98,57.98,58.00,57.99,57.99,58.00,57.99,57.97,58.00,58.00,58.00,57.99,58.00,57.99,57.99,57.99,57.99,58.00,57.98,57.99,57.98,57.99,57.99,57.98,58.00,57.99,58.00,58.01,58.01,58.01,58.01,57.98,57.99,57.99,57.98,57.99,57.98,58.01,58.00,57.99,58.01,57.98,58.00,57.99,58.00,58.00,58.00,58.00,58.01,57.99,58.01,57.99,57.99,57.99,57.98,58.00,57.99,57.99,57.99,57.99,57.99,57.99,58.00,57.99,58.00,57.98,58.00,57.99,58.00,58.00,57.99,58.00,58.00,58.01,57.98,58.01,57.99];
x10= [55];




c11= [58.55,58.55,58.55,58.56,58.56,58.56,58.55,58.56,58.56,58.55,58.56,58.55,58.55,58.55,58.56,58.55,58.55,58.55,58.55,58.55,58.55,58.56,58.56,58.55,58.56,58.55,58.55,58.55,58.55,58.56,58.57,58.56,58.55,58.55,58.55,58.56,58.55,58.56,58.56,58.56,58.55,58.55,58.55,58.56,58.55,58.56,58.55,58.55,58.57,58.55,58.58,58.58,58.58,58.58,58.55,58.57,58.52,58.57,58.55,58.55,58.56,58.56,58.56,58.56,58.56,58.54,58.57,58.56,58.55,58.55,58.54,58.54,58.57,58.54,58.55,58.54,58.55,58.55,58.57,58.56,58.56,58.55,58.55,58.56,58.55,58.55,58.56,58.56,58.54,58.55,58.56,58.55,58.57,58.55,58.56,58.56,58.56,58.54,58.56,58.55];
x11= [60];







