
#c1,c2 y c3: 50mm
c1= [88.55,88.55,88.55,88.58,88.67,88.36,88.35,88.88,88.54,88.42,88.51,88.34,88.55,88.44,88.46,88.54,88.49,89.06,88.51,88.45,87.92,88.81,88.17,88.31,88.37,88.54,88.50,88.29,88.52,88.58,88.20,88.44,88.44,88.33,88.58,88.41,88.63,88.79,88.37,88.38,88.43,88.67,88.45,88.93,88.46,88.43,88.44,88.59,88.52,88.71];

c2= [88.29,88.29,88.29,88.25,88.35,88.37,88.68,88.89,88.35,88.59,88.22,88.64,88.12,88.71,88.32,88.72,88.25,88.95,88.32,88.55,88.53,88.15,88.78,88.22,88.95,88.55,88.88,88.47,88.94,88.15,88.75,88.51,88.53,88.21,88.77,88.65,88.43,88.58,88.31,88.48,88.38,88.39,88.32,88.34,88.18,88.35,88.48,88.36,88.58,88.46];

c3= [88.80,88.80,88.80,89.00,88.18,88.55,88.59,88.79,88.85,88.44,88.72,88.50,89.27,88.50,88.88,88.89,88.56,88.39,88.60,88.51,88.73,88.45,88.95,88.41,88.83,88.33,88.32,88.46,88.41,88.75,88.19,88.78,88.31,88.82,88.55,88.46,88.62,88.46,88.98,88.50,88.29,88.37,88.65,88.82,88.39,88.96,88.79,88.39,88.42,88.06];

c50mm= [c1, c2, c3];




#c4, c5, c6: 100mm
c4= [92.02,92.02,92.02,91.85,92.17,92.20,92.56,92.20,92.25,91.85,92.17,91.98,91.76,92.20,92.36,91.89,92.17,92.06,92.31,92.07,92.76,92.09,92.29,92.32,92.01,92.18,92.25,92.64,91.73,91.93,91.99,92.40,92.05,92.51,92.34,91.82,91.95,91.90,92.37,92.13,92.49,91.84,92.46,91.78,92.26,92.21,92.08,92.03,92.31,91.81];

c5= [92.57,92.57,92.57,92.77,92.41,92.17,92.03,92.19,92.65,92.09,92.53,92.63,92.37,92.27,92.09,92.16,92.65,92.14,92.48,92.26,91.98,92.26,92.22,92.38,91.83,92.76,91.61,91.91,92.48,92.72,92.12,92.71,92.05,92.43,92.08,92.42,92.50,92.02,92.04,92.12,92.40,92.06,92.28,92.62,92.33,92.70,91.79,92.25,92.41,92.01];

c6= [92.12,92.12,92.12,91.99,92.05,92.41,92.76,91.99,92.44,92.14,92.71,92.21,91.92,92.12,92.22,92.10,92.24,92.47,92.61,92.07,92.21,92.89,92.16,92.92,91.99,92.83,92.15,92.48,92.02,92.08,92.55,92.62,92.28,92.25,92.41,92.41,92.24,92.14,92.15,92.05,92.03,92.27,92.51,92.23,92.07,91.63,92.20,91.99,91.83,92.28];

c100mm= [c4, c5, c6];




#c7, c8, c9: 150mm
c7= [95.05,95.05,95.05,95.00,95.56,95.20,95.45,95.57,95.16,95.41,95.45,95.32,95.30,95.44,94.88,95.56,94.88,95.56,95.66,95.60,95.38,95.22,95.19,95.74,95.20,95.49,95.59,95.43,94.90,95.10,95.73,95.79,95.25,95.34,95.25,95.24,95.28,95.39,95.69,94.92,95.54,95.38,95.52,95.47,95.33,94.91,95.32,95.56,95.95,95.24];

c8= [95.35,95.35,95.35,95.24,95.50,95.56,95.59,95.50,95.69,95.54,95.14,95.95,95.30,95.38,95.46,95.36,95.48,95.59,95.09,94.78,95.14,95.65,95.30,95.04,95.51,95.28,95.82,95.46,95.09,95.37,94.87,95.78,95.10,95.83,95.29,95.49,95.96,95.21,95.56,95.97,95.69,95.31,96.27,94.74,95.31,95.32,95.35,95.32,95.70,95.46];

c9= [95.08,95.08,95.08,95.17,95.76,95.23,95.94,95.33,95.71,95.40,95.67,95.57,95.79,95.54,95.55,95.21,95.21,95.10,95.36,95.16,95.60,95.83,95.17,95.53,95.48,95.05,95.35,95.72,94.98,95.27,95.58,95.61,95.50,95.86,95.46,95.18,95.48,94.98,95.61,95.33,95.27,95.74,95.46,95.21,95.38,95.19,94.68,95.36,94.99,95.04];

c150mm= [c7, c8, c9];




#c10, c11, c12: 200mm
c10= [97.40,97.40,97.40,97.56,97.42,97.45,97.57,97.68,97.77,97.79,97.46,97.76,97.70,97.67,97.38,98.01,97.51,97.60,97.63,97.81,97.54,97.29,97.49,97.72,97.75,97.65,97.77,98.14,97.56,97.63,97.37,97.52,97.50,97.26,97.90,97.57,97.66,98.09,97.68,97.67,97.06,97.52,97.48,97.64,97.84,97.29,97.59,97.86,97.44,97.71];

c11= [97.63,97.63,97.63,97.57,97.37,97.60,97.41,97.59,97.94,97.70,97.76,97.46,97.12,97.57,97.90,97.47,97.81,97.80,97.91,97.24,97.53,97.34,97.39,97.62,97.15,97.66,97.71,97.30,97.48,97.37,97.78,97.64,98.19,97.28,97.95,97.27,97.76,97.74,97.54,97.25,97.61,97.48,97.81,98.02,97.26,97.67,97.59,97.76,97.65,97.82];

c12= [97.59,97.59,97.59,97.62,97.49,97.29,97.80,97.33,97.49,97.54,97.00,97.75,97.36,97.36,97.64,97.25,97.74,97.46,97.64,97.80,97.60,97.49,97.61,97.67,97.35,96.96,97.34,97.25,97.62,97.49,97.50,97.81,97.50,97.57,97.64,97.59,97.48,97.17,97.51,97.08,97.29,97.48,97.61,97.41,97.30,97.61,97.73,97.25,97.70,97.48];

c200mm= [c10, c11, c12];




#c13, c14, c15: 250mm
c13= [99.49,99.49,99.49,99.56,99.87,100.41,99.37,99.97,99.68,100.02,99.92,99.77,100.08,99.53,99.82,99.91,99.75,99.88,100.27,99.60,99.98,99.37,100.19,99.95,100.27,100.10,99.92,99.69,99.61,99.77,99.96,99.89,99.75,99.97,99.60,99.98,99.69,100.01,99.74,100.04,99.90,99.78,99.66,99.94,99.95,99.94,99.75,99.73,100.05,100.03];

c14= [99.68,99.68,99.68,99.72,99.80,100.09,99.98,99.86,99.74,99.80,99.82,99.83,99.84,99.82,99.56,99.64,99.74,99.63,99.66,99.89,99.94,99.95,99.99,100.03,99.95,99.58,99.74,99.88,99.96,99.83,99.74,100.15,99.98,99.90,100.05,99.50,100.02,99.69,99.65,99.56,99.84,100.13,100.15,99.70,99.42,100.01,99.94,99.59,100.06,99.80];

c15= [100.01,100.01,100.01,100.06,99.73,99.75,99.69,99.61,99.96,99.84,100.51,99.89,99.73,99.65,99.94,99.76,100.02,99.78,99.90,99.64,100.31,99.69,99.88,99.69,99.93,99.96,99.50,100.18,99.68,99.60,99.71,100.06,99.73,99.51,99.60,99.93,99.92,100.07,99.56,99.65,99.64,99.89,100.15,99.90,100.05,99.65,99.70,99.62,100.06,100.03];

c250mm= [c13, c14, c15];




#c16, c17, c18: 300mm
c16= [102.38,102.38,102.38,102.47,102.53,102.46,102.64,102.56,102.59,102.29,103.00,102.25,102.47,102.51,102.83,102.96,102.45,102.20,102.42,102.28,103.08,102.38,102.48,102.41,102.53,102.52,102.54,102.35,102.43,102.47,102.44,102.62,102.55,102.67,102.52,102.80,102.50,102.52,102.58,102.48,102.73,102.51,102.56,102.31,102.99,102.46,102.85,102.63,102.90,102.50];

c17= [103.34,103.34,103.34,103.43,102.23,102.47,102.72,102.68,102.76,102.57,102.45,102.66,102.45,102.73,102.32,102.38,102.79,102.68,102.58,102.30,102.54,102.73,102.50,102.67,102.30,102.56,102.72,102.47,102.50,103.00,102.67,102.55,102.55,102.43,102.27,102.84,102.67,102.39,102.48,102.22,102.70,102.61,102.74,102.88,102.47,103.51,102.69,102.65,102.70,102.57];

c18= [102.48,102.48,102.48,102.47,102.91,102.24,102.84,103.07,102.90,102.47,103.52,102.37,102.57,102.60,102.72,102.74,102.91,102.51,102.56,102.74,102.53,102.45,102.64,102.39,102.38,102.52,102.97,102.37,103.05,102.62,102.60,102.48,102.24,102.74,102.70,102.27,102.54,102.51,102.51,102.32,102.27,102.85,102.33,102.99,102.43,102.64,102.41,102.75,102.23,102.48];

c300mm= [c16, c17, c18];




#c19, c20, c21: 350mm
c19= [104.64,104.64,104.64,104.61,104.75,104.75,105.15,104.71,104.91,104.79,104.90,104.84,104.77,104.97,104.70,104.79,104.76,104.65,104.94,104.87,104.77,104.83,104.42,105.30,104.72,104.73,105.01,104.65,105.10,104.48,104.82,104.81,105.00,104.87,104.97,104.97,104.68,104.94,104.63,104.75,104.74,104.73,104.80,104.94,104.59,104.57,104.68,105.06,104.80,104.95];

c20= [104.80,104.80,104.80,104.77,104.55,105.18,104.77,105.37,104.78,104.87,104.83,105.25,104.92,104.94,104.96,104.67,104.63,105.05,104.93,104.73,104.72,104.85,104.62,104.80,104.76,105.15,104.79,104.55,104.65,105.01,104.67,104.60,104.48,104.61,104.38,105.07,104.98,104.55,104.73,104.99,104.98,104.84,105.04,104.63,104.93,105.17,104.90,104.73,105.15,104.87];

c21= [104.89,104.89,104.89,104.88,104.62,104.80,105.01,104.45,105.05,104.89,104.79,104.63,104.75,104.58,105.11,104.79,104.66,104.98,104.64,105.09,104.55,104.62,104.76,104.97,104.57,105.04,104.79,104.84,104.90,104.72,104.38,104.95,104.85,104.77,104.65,104.68,104.87,104.75,104.83,104.71,105.07,104.77,104.74,104.99,104.51,104.96,104.73,105.13,104.92,104.72];

c350mm= [c19, c20, c21];




#c22, c23, c24: 400mm
c22= [106.77,106.77,106.77,106.77,106.85,106.89,106.92,106.83,107.07,107.00,106.97,106.86,106.69,106.60,107.02,106.88,106.85,106.98,106.93,106.87,107.19,106.82,106.99,106.44,107.04,106.85,106.39,106.97,106.96,106.81,106.93,106.88,106.77,106.69,106.89,106.83,106.98,106.81,106.86,106.75,106.96,106.87,106.88,106.76,106.81,106.86,106.78,106.92,107.02,106.97];

c23= [106.70,106.70,106.70,106.59,107.02,106.74,106.70,106.97,106.83,106.75,106.52,106.64,106.96,106.91,106.76,106.80,106.94,106.78,106.79,106.88,107.21,106.86,106.70,107.14,106.78,106.95,107.02,106.96,107.13,106.95,106.79,106.88,107.01,106.91,107.05,106.73,106.96,106.83,106.83,106.74,106.89,106.78,106.93,106.92,106.90,106.74,106.73,106.84,106.82,106.86];

