Fs = 400;
Ts = 1/Fs;
L = 100;
t = (0:L-1)*Ts;

%entrada:
X = [-3.840,-3.902,-3.914,-3.986,-4.136,-3.793,-4.143,-3.909,-3.992,-4.088,-3.903,-3.986,-3.935,-4.015,-4.006,-3.904,-3.855,-3.927,-4.001,-4.095,-3.920,-4.104,-3.856,-3.976,-4.145,-3.963,-3.924,-3.951,-3.925,-3.920,-4.082,-3.833,-3.851,-3.930,-3.995,-3.975,-3.916,-4.031,-3.893,-3.993,-3.921,-3.966,-3.847,-3.831,-3.961,-3.983,-3.946,-3.886,-3.904,-4.018,-3.938,-3.811,-3.886,-3.886,-3.852,-3.963,-3.925,-4.042,-3.883,-3.825,-4.069,-3.961,-3.986,-3.929,-3.975,-3.900,-3.830,-3.887,-3.937,-3.864,-4.085,-3.988,-3.839,-4.042,-3.915,-3.923,-3.953,-3.931,-4.000,-4.064,-4.020,-3.851,-3.963,-3.963,-4.084,-3.960,-3.866,-3.850,-4.072,-3.854,-3.881,-3.903,-4.033,-3.956,-4.018,-3.950,-3.999,-4.088,-3.903,-3.938,-3.949,-4.129,-3.932,-3.947,-3.936,-3.960,-3.968,-3.955,-3.847,-3.896,-4.064,-3.937,-3.881,-3.987,-4.163,-3.912,-3.832,-3.991,-3.948,-3.911,-3.901,-3.970,-3.900,-3.967,-3.897,-3.801,-3.886,-3.972,-3.972,-3.993,-4.005,-3.976,-3.889,-3.945,-3.933,-3.847,-3.822,-3.939,-3.871,-3.835,-3.942,-3.984,-4.014,-4.064,-4.012,-3.907,-3.944,-4.132,-4.122,-3.885,-3.905,-3.896,-3.835,-3.987,-3.856,-3.857,-3.825,-3.928,-3.942,-3.991,-3.810,-3.934,-3.902,-3.945,-3.954,-3.822,-3.949,-3.932,-3.755,-3.918,-4.085,-3.970,-3.940,-3.935,-3.806,-3.869,-4.007,-4.001,-3.941,-3.941,-4.051,-3.723,-3.924,-3.905,-4.058,-4.062,-3.992,-3.839,-3.965,-3.994,-3.993,-3.977,-3.919,-3.931,-3.905,-3.985,-3.805,-3.930,-3.873,-3.926,-3.843,-3.913,-3.834,-4.019,-4.019,-4.033,-3.971,-4.028,-4.042,-4.003,-3.773,-3.952,-3.946,-4.009,-3.919,-4.030,-3.875,-4.107,-4.055,-3.963,-3.918,-3.884,-4.005,-3.914,-3.965,-3.920,-3.782,-3.878,-3.987,-3.993,-3.994,-3.918,-3.975,-4.052,-3.928,-4.033,-3.928,-3.929,-3.883,-3.876,-3.975,-4.007,-4.013,-3.993,-3.830,-3.950,-3.936,-3.948,-3.939,-3.973,-3.979,-3.990,-4.054,-3.920,-4.025,-3.942,-3.976,-3.801,-3.946,-4.016,-3.903,-3.909,-4.033,-3.876,-3.875,-3.981,-3.978,-3.894,-4.062,-3.922,-3.882,-3.865,-3.918,-3.893,-3.952,-3.924,-3.943,-3.874,-3.963,-3.879,-3.921,-3.722,-3.829,-3.870,-3.973,-3.988,-3.824,-3.988,-3.911,-3.879,-3.905,-3.918,-3.994,-4.127,-4.049,-3.908,-4.099,-4.002,-3.859,-3.895,-3.878,-3.940,-3.923,-3.804,-4.167,-3.800,-3.922,-3.857,-3.952,-3.910,-3.858,-3.801,-3.834,-3.985,-3.926,-3.876,-4.045,-3.928,-3.926,-3.972,-4.085,-3.825,-3.848,-4.068,-4.035,-4.070,-3.990,-4.055,-4.184,-3.949,-3.982,-3.994,-3.816,-3.895,-3.922,-3.864,-3.947,-3.880,-4.036,-3.934,-4.080,-3.857,-3.957,-4.013,-3.817,-3.887,-3.809,-3.921,-3.864,-3.850,-3.891,-3.984,-3.890,-3.902,-4.076,-4.026,-3.929,-3.868,-3.969,-3.949,-3.977,-3.825,-3.958,-3.961,-3.923,-3.960,-3.908,-3.941,-3.965,-4.058,-3.930,-3.859,-4.087,-3.944,-3.949,-3.901,-3.900,-4.002,-3.856,-4.034,-3.999,-3.984,-3.912,-3.827,-3.935,-3.704,-3.861,-4.021,-3.905,-3.906,-3.815,-3.996,-3.868,-3.861,-3.992,-3.986,-3.921,-4.050,-3.928,-4.024,-3.925,-3.964,-4.027,-3.964,-3.895,-4.016,-3.909,-3.875,-3.941,-3.745,-3.923,-3.880,-4.069,-3.777,-3.850,-3.932,-3.973,-4.022,-3.938,-3.840,-3.938,-4.010,-3.821,-3.842,-3.957,-3.877,-3.806,-3.997,-4.010,-3.923,-3.960,-3.894,-3.973,-3.923,-3.958,-3.958,-3.962,-3.877,-3.898,-3.888,-3.754,-3.975,-3.962,-4.040,-3.943,-4.084,-3.942,-3.970,-3.972,-4.023,-3.878,-3.974,-3.758,-3.933,-4.035,-3.871,-4.011,-3.999,-3.998,-3.965,-4.007,-3.995,-3.769,-3.936,-3.893,-3.920,-3.830,-3.984,-3.839,-3.956,-3.844,-3.910,-4.034,-3.886,-3.958,-3.890,-4.070,-3.949,-3.946,-3.918,-3.762,-4.027,-3.908,-3.874,-3.896,-3.896,-3.910,-4.009,-3.919,-3.997,-4.017,-3.927,-3.907,-3.743,-3.933,-3.904,-3.786,-3.956,-3.902,-3.832,-3.940,-3.762,-4.018,-3.995,-3.968,-3.805,-3.969,-3.903,-3.992,-3.758,-3.807,-3.926,-3.933,-3.834,-3.920,-3.884,-3.943,-3.899,-3.967,-4.010,-3.812,-3.960,-3.894,-3.842,-4.061,-3.780,-3.850,-3.911,-3.824,-3.863,-4.048,-3.970,-4.044,-3.816,-3.952,-3.840,-3.970,-4.056,-3.952,-3.996,-4.024,-3.977,-3.795,-3.843,-3.868,-3.945,-4.006,-3.946,-3.922,-4.036,-3.716,-4.157,-3.966,-3.886,-3.964,-3.936,-3.847,-3.981,-3.971,-3.924,-4.049,-3.923,-3.955,-4.046,-3.928,-3.676,-4.089,-3.838,-3.952,-3.933,-3.955,-3.811,-3.989,-3.783,-4.092,-3.860,-3.882,-3.944,-3.845,-3.867,-4.039,-4.103,-3.930,-4.047,-3.893,-4.074,-3.943,-3.829,-3.932,-3.954,-3.898,-3.973,-3.978,-3.952,-3.903,-3.953,-4.026,-3.910,-3.817,-4.053,-3.788,-3.871,-3.820,-4.025,-3.967,-3.925,-3.920,-3.921,-3.940,-3.899,-3.993,-4.052,-3.813,-3.989,-3.980,-3.806,-3.939,-4.027,-3.850,-3.820,-3.973,-3.954,-3.898,-3.920,-3.840,-3.805,-3.830,-3.761,-3.804,-3.849,-3.851,-3.930,-3.913,-3.879,-3.819,-3.933,-3.968,-3.863,-3.960,-3.927,-3.946,-3.904,-3.860,-4.012,-4.040,-3.977,-3.850,-3.914,-4.012,-3.906,-3.817,-4.009,-3.888,-3.905,-3.864,-3.855,-3.864,-3.998,-3.916,-3.887,-3.927,-3.963,-3.939,-3.845,-4.054,-3.873,-3.894,-3.905,-3.901,-3.880,-3.965,-3.970,-3.924,-3.956,-3.847,-3.727,-3.969,-3.864,-4.022,-3.886,-3.889,-3.888,-3.962,-4.050,-4.046,-3.957,-3.883,-3.938,-3.899,-3.839,-3.805,-3.851,-3.994,-3.961,-3.858,-3.863,-3.933,-4.012,-4.018,-4.024,-4.019,-4.159,-3.846,-3.960,-3.900,-3.935,-3.870,-4.072,-3.987,-4.019,-3.902,-3.941,-3.847,-3.942,-3.955,-3.825,-3.936,-3.778,-3.862,-3.854,-3.875,-3.851,-3.914,-3.904,-3.986,-3.955,-3.863,-3.954,-3.756,-3.887,-3.820,-3.777,-4.083,-3.918,-3.942,-3.835,-3.990,-3.852,-3.827,-3.884,-3.932,-4.015,-3.830,-3.960,-3.911,-4.053,-3.923,-4.078,-4.022,-3.872,-3.808,-3.911,-3.944,-3.632,-3.997,-4.024,-4.067,-4.001,-3.882,-3.887,-3.830,-3.743,-3.964,-3.923,-3.864,-4.043,-3.896,-3.846,-3.997,-3.885,-3.866,-3.911,-3.887,-3.891,-3.831,-3.826,-3.937,-3.933,-3.854,-3.837,-3.823,-3.942,-3.986,-3.942,-3.818,-3.960,-3.840,-3.954,-3.974,-3.968,-3.939,-4.028,-3.888,-3.909,-4.104,-3.920,-3.905,-3.861,-3.919,-3.783,-3.959,-3.941,-3.898,-4.017,-4.015,-3.864,-4.085,-3.991,-3.983,-3.913,-3.872,-4.012,-3.867,-3.882,-3.943,-3.881,-3.972,-4.010,-3.912,-3.851,-3.901,-4.111,-3.946,-3.896,-4.023,-4.090,-3.880,-3.730,-3.765,-4.000,-3.845,-3.879,-3.991,-3.953,-3.900,-3.944,-3.978,-3.864,-3.988,-3.980,-3.856,-3.985,-3.886,-3.861,-3.949,-4.063,-3.816,-4.113,-4.006,-3.945,-3.992,-4.083,-3.958,-3.835,-4.042,-3.939,-3.906,-3.910,-3.939,-4.002,-3.841,-3.993,-3.921,-4.001,-3.861,-3.885,-3.858,-3.859,-3.993,-3.980,-3.929,-3.797,-3.813,-4.038,-3.921,-3.798,-3.954,-3.949,-3.834,-3.798,-3.881,-4.155,-4.014,-3.945,-3.888,-3.946,-3.857,-3.959,-3.979,-3.908,-3.885,-4.032,-3.876,-3.890,-4.025,-3.839,-3.938,-3.898,-3.937,-3.863,-3.947,-3.907,-3.775,-3.905,-3.924,-3.951,-3.863,-3.927,-3.990,-3.874,-3.960,-3.937,-3.926,-4.059,-3.848,-3.834,-3.881,-3.858,-3.992,-4.092,-3.953,-3.941,-3.968,-4.042,-3.923,-3.980,-3.853,-3.896,-3.880,-3.936,-4.029,-3.844,-3.904,-3.934,-3.810,-4.071,-3.841,-4.010,-4.054,-3.894,-3.944,-3.928,-4.000,-3.928,-3.922,-3.900,-3.882,-3.966,-3.850,-3.893,-3.958,-3.962,-3.911,-3.920,-4.076,-3.992,-3.936,-3.952,-3.955,-3.945,-3.894,-3.779,-3.841,-3.919,-3.871,-3.909,-3.816,-3.875,-3.904,-4.066,-3.927,-4.064,-4.008,-4.025,-3.826,-4.055,-3.994,-3.943,-3.746,-3.910,-4.237,-3.789,-3.931,-3.996,-3.969,-3.870,-3.764,-4.015,-3.817,-3.988,-3.855,-3.980,-3.896,-4.120,-3.900,-3.882,-3.904,-3.997,-4.003,-3.889,-3.909,-3.863,-3.807,-3.859,-3.990,-3.944,-4.059,-3.900,-3.956,-3.965,-3.997,-3.997,-4.029,-3.937,-3.926,-3.941,-3.782,-3.909,-3.924,-3.940,-3.870,-3.877,-3.846,-3.939,-3.895,-4.030,-3.979,-3.941,-4.048,-3.952,-3.886,-4.057,-4.018,-3.884,-3.853,-3.968,-4.041,-4.006,-3.995,-3.846,-3.929,-3.867,-3.920,-3.999,-3.948,-4.187,-3.976,-3.916,-3.929,-3.890,-3.928,-3.960,-3.997,-4.025,-3.912,-3.957,-4.022,-3.961,-3.885,-4.007,-3.854,-4.089,-3.890,-3.979,-3.867,-3.907,-3.868,-3.919,-3.924,-3.867,-3.913,-3.982,-3.863,-4.004,-3.924,-4.035,-3.901,-3.797,-3.909,-3.930,-3.819,-3.867,-3.908,-3.902,-3.788,-3.789,-3.935,-3.827,-3.847,-3.920,-3.807,-3.889,-3.895,-4.064,-3.979,-3.880,-3.948,-3.876,-4.087,-3.966,-4.025,-3.970,-3.896,-4.073,-3.970,-3.924,-3.958,-3.851,-3.820,-3.925,-3.953,-3.962,-3.953,-3.845,-3.915,-3.883,-3.996,-3.915,-4.042,-3.883,-3.944,-3.876,-4.168,-3.979,-3.967,-3.781,-3.832,-3.843,-3.977,-3.899,-3.888,-3.934,-4.037,-3.992,