
#c1,c2 y c3: 50mm
c1= [87.29,87.29,87.29,87.78,87.47,86.74,87.96,87.87,87.23,87.44,86.67,86.67,88.25,87.60,87.21,88.79,87.78,87.16,87.98,86.73,87.21,87.20,85.99,87.62,86.64,88.68,87.13,86.33,87.55,87.13,87.50,87.03,86.85,86.27,87.33,88.06,87.75,87.02,87.15,87.11,87.55,87.28,87.89,87.53,87.72,87.18,87.19,87.36,87.46,87.22];

c2= [87.21,87.21,87.21,87.37,86.45,87.65,87.99,87.01,87.40,86.91,87.64,85.93,86.01,88.15,87.15,86.70,87.24,87.16,87.80,87.00,87.47,87.50,87.48,87.14,86.84,86.43,88.56,87.37,87.93,88.30,86.95,88.21,87.00,88.12,88.16,86.93,86.74,87.34,86.87,87.41,88.29,87.67,87.80,87.33,86.69,87.13,88.07,86.46,87.71,87.06];

c3= [87.51,87.51,87.51,87.80,87.57,88.24,86.69,87.35,86.57,85.99,86.31,87.57,88.73,87.43,87.46,87.35,87.62,87.28,86.81,87.81,88.37,86.88,88.19,87.99,86.39,87.69,87.44,87.37,86.31,86.76,86.85,88.36,87.55,88.11,88.19,87.59,87.94,86.67,87.78,87.77,88.28,86.87,86.59,87.06,86.87,87.23,87.06,86.75,87.25,87.53];

c50mm= [c1, c2, c3];




#c4, c5, c6: 100mm
c4= [91.89,91.89,91.89,91.66,91.57,91.78,91.65,92.23,92.33,91.77,92.37,91.34,90.80,92.63,91.63,91.82,91.92,92.36,90.68,92.38,90.46,91.68,91.07,91.74,91.75,91.85,91.23,91.81,91.34,91.07,91.48,91.20,92.05,91.45,90.92,91.58,92.07,91.50,92.57,91.60,92.00,92.46,91.74,92.10,91.92,92.40,92.77,92.12,91.77,91.86];

c5= [91.84,91.84,91.84,91.94,91.46,92.12,91.60,91.20,91.43,91.69,91.56,91.64,91.87,92.11,91.26,90.45,91.33,91.54,92.26,91.75,91.97,91.61,90.99,91.34,91.88,91.18,92.18,92.06,91.73,91.50,92.03,91.74,91.53,91.46,92.37,91.92,92.15,91.33,91.67,91.35,90.83,91.88,91.97,90.89,92.19,91.26,91.90,91.42,92.61,91.81];

c6= [92.21,92.21,92.21,92.58,91.93,91.69,92.43,91.38,92.56,91.51,91.13,91.94,91.34,91.69,91.86,92.20,90.93,92.97,91.23,91.32,92.03,91.71,91.97,92.19,92.32,92.32,92.17,91.83,92.02,91.86,92.21,91.91,91.98,91.79,91.74,91.97,91.95,91.53,91.08,92.46,91.49,91.79,91.94,91.70,91.37,91.45,92.02,91.41,91.53,91.37];

c100mm= [c4, c5, c6];




#c7, c8, c9: 150mm
c7= [95.15,95.15,95.15,95.46,94.42,94.57,94.88,94.93,94.72,94.52,94.61,95.00,94.79,94.65,94.65,94.72,94.35,94.50,94.80,94.46,94.58,94.53,94.73,94.48,94.99,94.55,94.29,94.87,94.38,94.72,94.62,94.66,94.83,94.77,94.88,94.78,94.39,94.94,95.09,94.78,94.72,94.61,94.47,95.30,94.62,94.57,94.70,94.65,94.64,94.64];

c8= [94.86,94.86,94.86,94.66,94.25,94.51,94.50,95.24,94.61,94.93,94.70,95.12,94.78,94.47,94.70,94.60,94.58,94.79,94.99,94.77,94.74,94.74,94.81,94.21,94.57,94.67,94.68,94.08,94.95,94.33,94.37,94.42,94.55,94.49,94.82,94.53,94.74,94.71,94.62,94.50,94.66,94.58,95.05,95.23,94.86,94.70,94.65,94.68,94.49,94.92];

c9= [94.84,94.84,94.84,94.76,94.50,94.94,94.88,94.81,94.81,94.64,94.59,94.59,94.85,94.76,94.97,94.77,94.67,94.63,94.72,94.61,94.47,94.83,94.97,94.87,94.55,94.56,94.77,94.53,94.69,94.54,94.46,94.31,94.52,94.71,94.91,94.80,94.69,94.40,94.87,94.79,94.25,94.49,94.42,94.92,94.60,94.74,94.82,94.94,94.60,94.46];

c150mm= [c7, c8, c9];




#c10, c11, c12: 200mm
c10= [96.62,96.62,96.62,96.66,97.27,96.84,96.86,96.77,96.84,96.80,97.03,96.87,96.79,96.90,96.65,96.98,96.88,97.30,96.94,96.75,96.74,96.97,97.35,96.99,96.99,96.79,97.26,96.83,96.77,96.99,97.03,97.39,97.29,96.92,96.32,96.86,96.85,96.94,97.31,97.00,96.83,97.00,96.87,96.97,96.90,97.04,96.97,97.12,96.50,96.75];

c11= [96.77,96.77,96.77,96.78,97.52,96.88,97.01,97.04,96.97,96.93,97.16,96.97,97.15,96.88,97.37,96.77,97.29,97.11,96.84,96.96,96.89,96.76,96.96,97.06,97.04,96.87,97.22,96.63,97.23,96.81,97.00,96.97,96.65,97.05,97.10,96.95,96.93,96.61,97.09,96.81,96.96,97.02,96.79,97.17,96.77,96.51,96.73,96.83,96.92,96.89];

c12= [96.58,96.58,96.58,96.60,96.65,97.42,97.22,97.22,96.71,97.03,96.99,96.83,97.30,96.84,96.92,96.38,96.76,96.93,96.90,96.72,96.98,96.89,96.80,97.13,96.89,96.98,96.60,97.44,97.01,97.04,96.43,97.01,97.07,97.08,97.03,96.82,96.79,96.45,97.26,96.61,96.85,96.79,97.13,97.09,96.55,96.80,96.92,96.98,96.67,96.73];

c200mm= [c10, c11, c12];




#c13, c14, c15: 250mm
c13= [99.25,99.25,99.25,99.30,99.08,99.17,99.40,99.74,99.93,99.33,99.43,99.22,99.23,98.88,99.60,98.90,99.07,99.51,99.48,99.53,99.20,99.22,99.48,99.48,99.24,99.28,99.54,99.49,99.18,99.44,99.32,99.29,99.25,99.34,99.15,99.42,99.59,99.96,99.31,99.14,99.70,99.61,99.39,99.48,99.18,99.46,99.35,99.53,99.30,99.34];

c14= [99.23,99.23,99.23,99.38,98.81,99.54,99.56,99.46,99.61,99.63,99.30,99.52,98.93,99.53,99.56,99.40,99.59,99.53,99.60,99.28,99.68,99.28,99.29,99.43,99.36,99.17,99.04,99.39,99.46,99.41,99.04,99.87,99.43,99.17,99.36,99.50,99.09,99.49,99.41,99.68,99.43,99.33,99.39,99.90,99.14,99.28,99.17,98.99,99.35,99.29];

c15= [98.96,98.96,98.96,99.01,99.00,99.27,99.80,99.88,99.41,99.44,99.26,99.87,99.43,99.20,98.97,98.99,99.32,99.60,99.19,99.64,99.37,99.41,99.29,99.20,99.51,99.23,99.55,99.35,99.42,99.21,99.29,99.40,99.53,99.53,99.41,99.14,99.22,99.67,99.46,98.88,99.50,99.26,99.32,99.26,99.02,99.59,99.44,99.27,99.25,99.19];

c250mm= [c13, c14, c15];




#c16, c17, c18: 300mm
c16= [101.79,101.79,101.79,101.78,102.16,101.89,102.05,102.48,101.68,102.16,102.22,101.90,101.84,101.75,101.90,102.07,101.86,101.83,101.80,101.68,102.00,101.77,101.90,101.97,101.63,102.04,101.96,102.17,102.10,101.69,102.30,101.83,101.90,102.21,101.55,101.70,102.22,101.75,102.00,101.95,101.72,102.02,101.77,102.14,101.84,101.93,101.88,102.01,101.50,101.82];

c17= [101.62,101.62,101.62,101.51,102.16,101.75,102.14,102.12,101.96,102.26,101.89,101.78,102.00,102.09,101.79,102.17,101.76,101.93,101.99,101.95,102.13,102.12,102.06,102.14,101.83,102.16,101.90,102.18,102.08,102.07,102.07,101.95,102.05,101.77,101.86,101.53,102.22,101.81,101.74,102.18,102.06,102.18,102.06,101.86,101.92,101.73,101.97,102.21,101.50,101.78];

c18= [101.95,101.95,101.95,101.99,101.67,102.15,101.80,101.98,101.69,102.10,101.82,102.05,101.94,101.84,102.14,101.93,102.04,101.90,102.05,101.86,102.20,101.78,102.05,101.85,101.76,101.76,102.05,101.66,102.17,101.51,101.87,101.81,102.11,101.91,101.98,101.94,102.02,101.95,101.91,101.75,101.95,102.15,102.07,101.87,102.11,102.22,102.12,101.69,102.00,102.08];

c300mm= [c16, c17, c18];




#c19, c20, c21: 350mm
c19= [104.45,104.45,104.45,104.47,103.90,103.88,104.34,104.13,104.17,103.99,104.03,103.95,103.62,104.27,104.16,103.86,103.86,103.99,103.89,104.16,103.81,103.45,104.06,104.18,104.15,104.27,103.79,103.47,104.30,103.99,103.94,104.08,104.06,103.75,104.16,104.12,104.12,104.06,103.90,104.16,104.04,104.07,104.18,104.37,104.05,103.78,104.15,104.34,103.96,103.94];

c20= [104.37,104.37,104.37,104.26,103.83,104.22,103.97,104.12,103.98,104.00,104.06,103.90,104.17,104.07,104.06,103.74,104.05,103.95,103.80,104.00,104.06,104.03,103.85,104.55,104.10,104.18,104.04,104.00,103.78,104.46,103.66,104.09,104.19,103.87,104.30,104.01,104.00,104.03,103.98,104.07,103.99,104.15,104.00,103.93,104.00,103.87,103.89,104.11,104.08,104.22];

c21= [104.14,104.14,104.14,104.24,104.20,104.25,103.78,103.79,103.98,104.25,103.93,103.91,104.13,103.82,103.93,104.18,104.26,103.88,104.03,104.06,104.04,103.97,103.81,104.12,104.17,104.13,104.27,104.09,104.12,104.29,104.15,103.85,103.99,103.99,103.91,104.18,104.15,103.94,104.18,103.90,104.32,104.14,104.25,103.64,103.80,104.06,103.87,104.07,104.05,103.96];

c350mm= [c19, c20, c21];




#c22, c23, c24: 400mm
c22= [106.43,106.43,106.43,106.32,105.99,106.55,106.45,106.15,106.54,106.47,106.37,106.45,106.37,105.78,106.43,105.89,106.16,106.35,106.35,106.30,106.30,106.78,105.96,106.41,105.92,106.38,106.23,106.14,106.05,106.38,106.34,106.17,106.27,105.55,106.23,106.30,106.64,105.84,106.55,105.91,106.47,105.75,106.26,106.44,106.18,106.09,105.93,106.40,106.39,105.88];

c23= [105.88,105.88,105.88,105.96,106.10,106.12,106.27,106.69,106.19,106.53,106.00,105.95,106.25,105.95,106.08,105.97,106.27,106.19,105.95,106.41,106.35,106.35,106.43,106.06,106.46,106.35,106.34,106.56,105.89,106.66,106.38,106.16,106.34,106.15,106.27,106.32,106.46,106.37,106.15,106.01,106.27,106.04,106.42,106.13,106.52,106.15,106.25,106.42,106.21,106.41];

